DEG =      1.500
     2.600D+01     0.000D+00     0.000D+00     0.000D+00     0.000D+00
     2.700D+01     8.720-304     2.369-316     7.556-316     9.410-316
     4.300D+01     1.208D-83     4.156D-96     7.360D-96     6.984D-96
     1.590D+02     8.002D-07     6.555D-19     7.748D-19     7.376D-19
     1.600D+02     1.173D-06     9.669D-19     1.143D-18     1.089D-18
     1.610D+02     1.709D-06     1.417D-18     1.676D-18     1.596D+01
     1.620D+02     2.468D-06     2.058D-18     2.436D-18     2.320D-10
DEG =     18.500 
     2.700D+01     2.794-314     0.000D+00     0.000D+00     0.000D+00
     2.800D+01     4.352-285     1.224-297     3.685-297     4.412-297
     8.800D+01     1.371D-02     6.564D-15     7.852D-15     7.275D-15 